18.45812588544829        -3.409706481356648
18.63800850030358        -3.402073401456142
18.817891115158872       -3.3871888956501564
19.002583425598534       -3.3764185863115523
19.17284664928509        -3.369663509139098
19.35753895972475        -3.321598930505099
19.541195335730855       -3.2920312308905038
19.6755132789134         -3.257315762485865
19.836806625877664       -3.2430061675295283
20.02172092226737        -3.2091745679705115
20.122857721109085       -3.1889632628339593
20.273304998988056       -3.1750437964153946
20.467616700596448       -3.171426101403726
20.647087055830223       -3.123856985711168
20.802889480485106       -3.04706848151208
21.019181901999143       -3.0305923460696977
21.196618560552984       -2.995850954751111
21.372847216198764       -2.9692092291555197
21.554676612600108       -2.9096976880455174
21.72871888281724        -2.866693152797138
21.920866221412666       -2.8263892414599856
22.088484112527826       -2.793729006114272
22.266030589527855       -2.7708896478874854
22.448249342238412       -2.7052292863106926
22.586341046571768       -2.65915086961607
22.758955676988464       -2.6114296387333384
22.954169196518922       -2.581363579585953
23.06966201173851        -2.504852111551111
23.249544626593806       -2.4355284279690066
23.420621798763875       -2.426257531175564
23.609309856304392       -2.3926967242130175
23.789192471159684       -2.380806774310856
23.973163327261688       -2.378255063610188
24.07264386426499        -2.322097773952298
24.247075490791335       -2.3198117155630484
24.426958105646627       -2.299425161143066
24.60684072050192        -2.2927574609747576
24.999311880186195       -2.291329423134305
